4321
1739
7489
458
5412
8898
9579
3337
5628
1118
1706
4875
4855
9628
2004
7837
9542
9437
6798
2256
2020
5700
7518
8756
2341
3216
1088
8818
4109
1209
1324
6161
9550
8104
5372
341
7919
622
9073
5494
3578
1416
452
1363
1225
3755
7555
5631
6995
7066
8622
8920
393
4178
6980
8916
3979
5875
1552
5055
4300
5668
1934
8021
9407
5213
9528
6952
5932
5179
8595
8964
6866
2702
5467
8825
4011
733
8201
1813
7971
5429
2949
6444
6941
8984
3081
9842
3319
8451
9509
3028
8962
3748
27
5092
3043
2787
8853
7026
880
3993
6318
6552
1876
7797
5257
1713
1219
8882
3200
3302
8516
9652
1621
6374
6334
3012
3181
8148
1885
3924
9410
5108
7166
3796
2721
2410
5845
662
1635
9103
7814
4625
2117
1301
9174
4088
5857
7304
5077
7808
2866
2012
591
9331
3325
1696
4961
8918
1161
9964
3860
9984
8996
8018
9992
8119
4575
7932
7594
6089
2766
1484
3433
246
9116
6662
689
9342
6519
8747
9633
3384
6875
3261
6213
6803
796
8030
3959
9382
6448
5677
7520
504
7605
9350
8688
3976
9764
1880
7025
1240
4654
1675
2416
5940
1659
9176
5605
7094
7626
5725
1214
9648
9272
8761
2087
5205
3523
1174
2729
2837
711
6569
694
7256
3961
3122
6902
3651
1979
8072
9577
6387
9756
7327
1312
5853
5195
8343
7707
8496
5588
3007
6104
1265
8585
4115
6942
7092
5479
488
3653
8669
3609
8479
8845
1486
8956
9384
4739
616
5642
7713
4326
380
8885
5015
4124
643
5626
2904
7253
9856
7377
5897
4747
1950
3991
5399
7072
1562
3474
4185
2194
1020
3392
6221
4911
7031
432
601
330
3467
7465
7043
1203
7676
3864
4887
9517
6892
7179
6909
6120
8257
366
1343
8213
873
4086
2501
4521
1521
16
8050
2141
5582
2002
7198
7793
1001
1569
2190
53
7272
4523
8754
2857
635
6220
2519
6601
2567
7849
6525
8328
1080
134
963
5969
9048
4048
1167
9529
2053
7546
1860
9181
408
6673
3878
1404
3442
6671
2466
2907
1109
5414
2387
2543
3691
9804
5107
2095
6460
195
3183
8826
9211
5022
8723
794
9931
4089
4322
9917
4275
4346
7044
3082
1636
2265
3743
2030
6098
5186
1831
2934
6505
8658
2417
3708
8367
5497
6465
2464
682
5999
800
5900
1883
9442
9785
4761
3275
8240
7569
5703
8227
4122
7427
7978
5424
5417
3889
2703
2704
7723
5710
6145
492
7336
6672
789
2154
9444
3262
2462
5846
8000
8186
740
3365
6516
2925
1220
5233
5630
8341
4853
3865
9837
6730
7295
2959
5290
4930
3969
1050
9122
7052
6324
8082
6723
8
1172
7315
8685
5762
5782
9623
5274
1504
3621
2414
6178
8587
4644
7241
9948
8850
6861
3008
4774
3487
1551
4424
6968
1120
6788
6190
5475
6859
7706
2712
1616
3552
1137
7933
2594
5241
6832
7830
3471
4482
1505
3538
773
8625
7610
2303
6474
2666
9811
2689
4956
2089
